Loci = 31
Genes = 20
Distinct Haplotypes = 7
Stationary = 0.78167
Haplotypes
0 0 0 1 0 0 0 0 0 0 0 0 0 0 0 1 0 0 0 0 0 0 0 1 0 0 1 0 1 1 0 13
0 1 0 1 0 0 0 0 0 0 0 0 0 0 0 1 0 0 0 0 0 0 0 0 0 0 1 0 1 1 0 1
0 0 0 0 0 0 1 1 0 1 1 0 1 0 0 0 0 0 1 1 0 1 0 0 1 0 0 0 0 0 0 1
0 0 0 1 1 0 0 0 0 0 0 0 0 0 0 1 0 0 0 0 0 0 0 0 0 0 1 1 1 1 0 2
0 0 0 1 0 0 0 0 0 0 0 0 0 0 1 1 0 0 0 0 1 0 0 1 0 0 1 0 1 1 0 1
0 0 0 1 0 1 0 0 0 0 0 0 0 0 0 1 0 0 0 0 0 0 0 1 0 0 1 0 1 1 0 1
0 0 1 0 0 0 0 0 1 0 0 1 0 1 0 0 1 1 0 0 0 0 1 0 0 1 0 0 0 0 1 1

Mutation
0.0 1.0 0.0 1.0

Positions
0.00 5824.57 67331.05 74370.69 75362.97 118612.46 121428.47 131746.16 167116.29 198428.26 207608.45 216002.61 230552.01 237626.63 242627.02 249648.50 252628.24 265269.81 269568.54 270542.52 292010.19 332263.79 350933.52 381665.22 384440.76 390602.72 391762.15 395965.11 409695.32 440866.22 450940.25 
#