Loci = 33
Genes = 20
Distinct Haplotypes = 7
Stationary = 0.73125
Haplotypes
0 0 0 0 1 0 0 0 0 0 0 1 0 0 1 0 1 0 0 0 0 0 0 1 0 1 0 1 1 0 0 1 0 10
0 0 1 0 0 1 0 0 1 1 1 0 0 1 0 1 0 1 0 0 0 1 0 0 0 0 0 0 0 1 0 0 0 2
0 1 0 0 1 0 0 0 0 0 0 0 0 0 1 0 0 0 1 1 0 0 0 1 0 0 0 0 1 0 0 0 0 3
0 0 1 0 0 1 0 1 1 0 1 0 0 1 0 1 0 1 0 0 0 1 0 0 0 0 0 0 0 1 1 0 1 1
0 0 0 1 1 0 0 0 0 0 0 0 0 0 1 0 0 0 0 0 1 0 1 0 1 0 1 0 0 0 0 0 0 1
0 0 1 0 0 1 0 0 1 0 1 0 1 1 0 1 0 1 0 0 0 0 0 0 0 0 0 0 0 1 0 0 0 2
0 0 0 0 0 0 1 0 1 0 0 0 0 0 0 0 0 1 0 0 0 0 0 0 0 0 0 0 0 1 0 0 0 1

Mutation
0.0 1.0 0.0 1.0

Positions
0.00 3760.50 24381.65 26210.74 64201.62 65587.65 114218.52 126830.49 127798.69 154476.66 189409.29 192110.26 222187.66 238825.36 245226.00 250507.10 301605.32 309033.01 318243.47 339299.57 344941.82 346995.69 356611.41 368443.69 394437.67 396834.63 430089.71 431205.63 433194.92 447507.22 457973.50 472697.96 486251.66 
#