Loci = 33
Genes = 20
Distinct Haplotypes = 8
Stationary = 0.76406
Haplotypes
0 1 1 0 1 0 0 1 0 0 0 0 0 1 0 0 0 0 0 0 0 1 0 0 0 0 0 1 1 0 0 0 0 10
0 1 0 1 0 0 0 0 0 1 0 0 0 0 0 0 1 0 0 0 0 0 0 0 1 0 0 0 0 0 0 0 0 3
0 1 0 0 0 0 0 1 0 0 0 0 0 1 0 0 0 0 0 0 0 1 0 0 0 0 0 1 1 0 0 0 0 1
0 1 0 0 1 0 0 1 0 0 0 0 0 1 0 0 0 0 0 0 0 1 0 0 0 0 0 1 1 0 0 0 0 1
0 1 0 1 0 1 0 0 0 0 0 1 1 0 0 0 0 0 1 0 0 0 0 1 0 1 0 0 0 0 0 0 1 1
0 0 0 0 0 0 1 0 1 0 0 0 0 0 0 1 0 1 0 1 1 0 1 0 0 0 1 0 0 0 1 1 0 1
0 1 0 1 0 1 0 0 0 0 0 1 1 0 0 0 0 0 1 0 0 0 0 0 0 1 0 0 0 0 0 0 1 2
0 1 0 1 0 0 0 0 0 1 1 0 0 0 1 0 1 0 0 0 0 0 0 0 1 0 0 0 0 1 0 0 0 1

Mutation
0.0 1.0 0.0 1.0

Positions
0.00 1930.62 54842.64 60745.79 61993.78 79767.87 112039.47 149959.46 153707.23 182509.89 186393.49 232875.39 236170.85 246593.77 257480.83 269768.60 275760.93 292233.64 305754.44 308023.67 309213.30 311791.03 329756.35 345877.08 358216.78 372719.12 387569.66 394609.86 419394.97 428317.92 445359.28 471682.54 497357.55 
#