Loci = 24
Genes = 20
Distinct Haplotypes = 7
Stationary = 0.79565
Haplotypes
0 0 0 0 0 0 0 1 0 0 1 0 1 0 1 0 0 0 0 0 0 0 0 0 10
0 0 0 0 1 0 0 0 0 0 0 0 0 1 0 0 1 1 1 0 0 1 0 1 2
0 0 1 1 0 1 0 0 1 1 0 0 0 0 0 1 0 0 1 0 0 0 1 0 1
0 0 0 0 0 0 1 1 0 0 1 0 1 0 1 0 0 0 0 0 0 0 0 0 1
0 1 0 0 0 0 0 0 0 0 0 1 0 0 0 0 0 0 0 1 1 0 0 0 4
0 0 0 0 0 1 0 0 1 0 0 0 0 0 0 1 0 0 1 0 0 0 1 0 1
0 0 0 0 0 0 0 0 0 0 0 0 0 1 0 0 1 1 1 0 0 1 0 1 1

Mutation
0.0 1.0 0.0 1.0

Positions
0.00 9578.33 20786.50 64073.92 66236.99 82448.87 106459.29 193395.35 195796.66 201824.29 231443.40 244048.96 258890.04 263642.89 264216.28 275271.52 311711.73 314778.47 318313.27 319238.51 341886.86 454986.45 472277.47 492232.86 
#