Loci = 69
Genes = 20
Distinct Haplotypes = 8
Stationary = 0.66471
Haplotypes
0 0 0 0 0 0 0 1 1 0 0 0 1 0 1 0 0 1 0 0 0 1 0 1 0 0 0 1 1 0 1 0 1 0 0 0 0 0 0 0 1 0 1 1 1 1 0 0 1 0 0 0 0 0 1 0 1 1 0 0 0 0 0 1 0 0 1 0 0 11
0 0 1 0 1 1 1 0 0 1 1 0 0 1 0 1 1 0 1 1 1 0 0 0 1 1 1 0 0 0 0 0 0 0 0 0 1 0 0 1 0 1 0 0 0 0 1 0 0 1 0 1 1 0 0 0 0 0 1 1 1 1 1 0 1 1 0 1 0 1
0 0 0 0 0 0 0 1 1 0 0 0 1 0 1 0 0 1 0 0 0 1 0 1 0 0 0 1 1 0 1 0 0 0 0 1 0 0 0 0 1 0 1 1 1 1 0 0 1 0 0 0 0 1 1 0 1 1 0 0 0 0 0 1 0 0 1 0 0 1
0 1 0 1 1 0 1 0 0 0 1 0 0 1 0 0 1 0 0 1 1 0 1 0 1 1 0 0 0 1 0 1 0 1 0 0 0 0 1 0 0 0 0 0 0 0 1 0 0 0 1 0 1 0 0 1 0 0 0 1 0 0 1 0 0 1 0 1 1 1
0 0 0 0 0 0 0 1 1 0 0 1 1 0 1 0 0 1 0 0 0 1 0 1 0 0 0 1 1 0 1 0 0 0 1 1 0 0 0 0 1 0 1 1 1 1 0 0 1 0 0 0 0 0 1 0 1 1 0 0 0 0 0 1 0 0 1 0 0 1
0 0 0 0 0 0 0 1 1 0 0 0 1 0 1 0 0 1 0 0 0 0 0 1 0 0 0 1 1 0 1 0 0 0 0 0 0 1 0 0 1 0 1 1 1 1 0 0 1 0 0 0 0 0 1 0 1 1 0 0 0 0 0 1 0 0 1 0 0 1
0 0 0 0 0 0 0 1 1 0 0 0 1 0 1 0 0 1 0 0 0 1 0 1 0 0 0 1 1 0 1 0 0 0 0 1 0 0 0 0 1 0 1 1 1 1 0 0 1 0 0 0 0 0 1 0 1 1 0 0 0 0 0 1 0 0 1 0 0 3
0 0 0 0 1 0 1 0 0 1 1 0 0 1 0 1 1 0 1 1 1 0 0 0 1 1 1 0 0 0 0 0 0 0 0 0 1 0 0 0 0 0 0 0 0 0 1 1 0 1 0 1 1 0 0 0 0 0 0 1 1 0 1 0 1 1 0 1 0 1

Mutation
0.0 1.0 0.0 1.0

Positions
0.00 1321.85 7097.83 11140.18 16212.48 19814.66 20933.38 22734.75 26938.87 40116.75 54686.70 66769.84 68336.50 71481.26 88985.23 89308.97 92407.19 100518.83 122359.77 139493.24 144548.92 154192.17 177650.69 178154.74 184520.00 190161.74 190404.76 197818.74 208228.88 218811.66 236783.94 243186.06 246545.36 258158.71 258730.12 260155.97 267944.12 273037.37 276563.54 280092.81 282226.82 284040.65 289374.81 292153.82 295875.84 320220.65 333178.97 339463.78 340603.19 341735.17 350684.95 351890.35 357297.58 358266.49 358324.55 362674.46 369231.42 371706.57 378591.48 381176.04 401794.32 405985.57 428980.21 441716.61 442915.80 449495.94 452337.67 455178.69 459330.07 
#