Loci = 64
Genes = 20
Distinct Haplotypes = 8
Stationary = 0.57937
Haplotypes
0 1 0 1 1 1 0 1 0 1 1 0 1 1 0 0 1 0 1 0 1 0 1 0 1 1 0 1 0 1 1 0 0 0 0 0 1 1 1 0 1 0 0 0 1 1 0 0 1 0 1 1 0 0 0 0 0 1 0 0 0 0 0 0 10
0 0 1 0 0 0 1 0 0 0 0 1 0 0 0 0 0 1 0 1 0 1 0 1 0 0 1 0 0 0 0 1 0 1 1 1 0 0 0 1 0 1 1 0 0 0 0 1 0 1 0 0 1 1 1 1 1 0 1 0 1 1 0 1 1
0 0 1 0 0 0 1 0 0 0 0 1 0 0 0 0 0 1 0 0 0 1 0 1 0 0 1 0 0 0 0 0 0 1 1 1 0 0 0 1 0 1 1 0 0 0 0 1 0 1 0 0 1 1 1 1 1 0 1 0 1 1 0 1 3
0 1 0 1 0 1 0 1 0 1 0 0 1 1 0 0 1 0 1 0 1 0 1 0 1 1 0 1 0 1 0 0 0 0 0 0 1 1 1 0 1 0 0 0 1 1 0 0 1 0 1 0 0 0 0 0 0 1 0 0 0 0 1 0 2
0 0 1 0 0 0 1 0 0 0 0 1 0 0 0 0 0 1 0 0 0 1 0 1 0 0 1 0 0 0 0 1 0 1 1 1 0 0 0 1 0 1 1 0 0 0 0 1 0 1 0 0 1 1 1 1 1 0 1 0 1 1 0 1 1
0 1 0 1 0 1 0 1 0 1 0 0 1 1 1 1 1 0 1 0 1 0 1 0 1 1 0 1 0 1 0 0 0 0 0 0 1 1 1 0 1 0 0 1 1 1 1 0 0 0 1 0 0 0 0 0 0 1 0 1 0 0 0 0 1
0 0 1 0 0 0 1 0 0 0 0 1 0 0 0 0 0 1 0 0 0 1 0 1 0 0 1 0 1 0 0 0 0 1 1 1 0 0 0 1 0 1 1 0 0 0 0 1 0 1 0 0 1 1 1 1 1 0 1 0 1 1 0 1 1
0 0 1 0 0 0 1 0 1 0 0 1 0 0 0 0 0 1 0 0 0 1 0 1 0 0 1 0 0 0 0 0 1 1 1 1 0 0 0 1 0 1 1 0 0 0 0 1 0 1 0 0 0 0 1 1 1 0 1 0 1 1 0 1 1

Mutation
0.0 1.0 0.0 1.0

Positions
0.00 3406.60 18417.24 31388.27 39860.06 40172.64 41356.02 71237.03 71513.04 84905.32 85837.65 87263.43 95183.11 96982.15 97148.75 104891.14 111074.41 121494.89 124056.68 138860.76 139178.95 142278.09 158357.81 181363.17 202466.13 203605.63 204898.42 228161.87 262933.56 275407.77 282080.14 310652.53 310922.68 319821.89 336647.34 336841.44 338381.87 339327.73 341581.76 347646.35 348952.84 351711.03 354066.78 355032.94 359493.11 361775.04 374025.67 377504.80 379238.65 395658.68 405367.77 419074.52 428966.83 434634.40 434648.21 434713.83 457306.81 457838.47 463006.08 475435.52 476430.54 484260.01 494197.99 498295.50 
#