Loci = 17
Genes = 20
Distinct Haplotypes = 8
Stationary = 0.73125
Haplotypes
0 1 0 0 1 1 1 0 0 0 0 0 0 0 0 1 0 12
0 0 1 0 0 0 0 0 0 0 0 0 0 1 0 0 0 1
0 0 0 0 0 0 0 1 0 0 0 0 0 0 0 0 0 2
0 0 1 0 0 0 0 0 1 0 0 0 0 1 0 0 0 1
0 1 0 0 1 0 1 0 0 0 0 0 0 0 1 0 0 1
0 1 0 1 1 0 1 0 0 0 0 0 0 0 1 0 0 1
0 1 0 0 1 1 1 0 0 0 0 0 1 0 0 1 1 1
0 0 0 0 0 0 0 0 0 1 1 1 0 0 0 0 0 1

Mutation
0.0 1.0 0.0 1.0

Positions
0.00 13127.47 20687.55 76136.00 83089.15 94292.10 185203.77 224600.02 241427.34 276957.15 291533.24 299622.14 330324.81 341429.65 343715.87 391013.88 496337.48 
#