Loci = 23
Genes = 20
Distinct Haplotypes = 9
Stationary = 0.84091
Haplotypes
0 0 0 0 1 0 0 0 0 1 0 0 0 0 0 0 0 0 0 0 0 0 0 11
0 1 0 0 0 1 1 1 0 0 1 0 1 0 0 0 1 0 0 1 1 0 1 1
0 0 0 0 1 0 0 0 0 1 0 0 0 1 0 0 0 0 0 0 0 0 0 2
0 0 0 0 0 0 1 1 0 0 0 0 0 0 0 1 0 0 1 0 0 0 0 1
0 0 0 0 1 0 0 0 0 1 0 1 0 1 0 0 0 0 0 0 0 0 0 1
0 0 0 0 0 1 1 1 0 0 1 0 0 0 0 0 1 0 0 1 1 1 1 1
0 0 0 1 1 0 0 0 0 1 0 1 0 1 0 0 0 0 0 0 0 0 0 1
0 0 1 0 1 0 0 0 1 1 0 0 0 0 1 0 0 0 0 0 0 0 0 1
0 0 0 0 1 0 0 0 0 1 0 1 0 1 0 0 0 1 0 0 0 0 0 1

Mutation
0.0 1.0 0.0 1.0

Positions
0.00 35040.75 62086.66 62135.48 64884.81 76669.24 101646.62 126162.87 139591.84 147179.74 180952.22 269415.53 275662.47 280515.11 292879.63 306474.05 308164.47 348409.08 358695.80 390979.23 458204.94 461512.27 468595.16 
#