Loci = 37
Genes = 20
Distinct Haplotypes = 8
Stationary = 0.77222
Haplotypes
0 0 0 0 0 0 0 0 1 0 1 0 0 0 0 1 0 0 0 0 0 0 0 0 0 0 1 0 0 0 1 0 0 0 0 0 1 12
0 0 1 0 0 1 0 0 0 0 0 0 1 1 1 0 1 0 0 0 0 1 0 0 1 0 0 1 1 0 0 1 1 1 0 0 0 2
0 0 0 0 0 0 0 0 1 1 1 0 0 0 0 1 0 0 0 0 1 0 0 0 0 0 1 0 0 0 1 0 0 0 0 0 1 1
0 0 0 0 0 0 1 1 1 0 1 1 0 0 0 1 0 0 1 1 0 0 0 0 0 0 1 0 0 0 1 0 0 0 0 0 1 1
0 0 1 0 0 1 0 0 0 0 0 0 1 1 1 0 1 0 0 0 0 0 0 0 1 0 0 1 1 1 0 1 1 1 0 0 0 1
0 0 0 0 0 0 0 0 1 1 1 0 0 0 0 1 0 0 0 0 1 0 0 0 0 1 1 0 0 0 1 0 0 0 0 0 1 1
0 0 1 0 0 1 0 0 0 0 0 0 1 1 1 0 1 0 0 0 0 0 0 1 1 0 0 1 1 0 0 1 1 1 0 0 0 1
0 1 0 1 1 1 0 0 0 0 0 0 0 1 0 0 1 1 0 0 0 0 1 0 0 0 0 1 0 0 0 0 1 0 1 1 0 1

Mutation
0.0 1.0 0.0 1.0

Positions
0.00 28865.74 32336.60 35066.25 41435.51 69733.56 86181.45 94125.42 102469.88 116846.00 120285.16 133973.88 145436.22 156909.56 170344.24 183851.49 209791.38 217760.28 234690.66 251265.11 251627.65 320088.31 326111.56 340805.89 345988.75 346325.31 347481.72 363344.88 370541.20 392865.17 413931.40 432059.83 438606.02 447785.16 478224.76 479853.60 485812.15 
#