Loci = 28
Genes = 20
Distinct Haplotypes = 8
Stationary = 0.59815
Haplotypes
0 1 0 0 0 0 0 1 0 1 0 1 0 1 0 1 1 1 1 0 0 0 0 1 0 0 1 1 10
0 0 0 0 1 0 1 0 1 0 0 0 1 0 0 0 0 0 0 1 0 1 1 0 1 1 0 0 4
0 0 0 0 1 0 1 0 1 0 1 0 1 0 0 0 0 0 0 1 0 1 1 0 1 1 0 0 1
0 1 0 0 0 1 0 0 0 1 0 0 0 0 0 1 1 1 0 0 1 0 0 1 0 0 0 1 1
0 0 0 0 1 0 1 0 1 0 0 0 1 0 1 0 0 0 0 1 0 1 1 0 1 1 0 0 1
0 1 0 1 0 0 0 0 0 1 0 0 0 1 0 1 1 1 1 0 0 0 0 1 0 0 1 1 1
0 1 1 0 0 0 0 0 0 1 0 0 0 1 0 1 1 1 1 0 0 0 0 1 0 0 1 1 1
0 1 0 0 0 0 0 0 0 1 0 0 0 1 0 1 1 1 1 0 0 0 0 1 0 0 1 1 1

Mutation
0.0 1.0 0.0 1.0

Positions
0.00 7430.01 54031.89 73350.56 93123.89 105348.05 106106.42 109384.68 115502.66 130570.17 168629.09 182682.48 206898.90 234892.65 243276.83 266735.44 280778.68 286514.45 299127.83 326811.46 347113.49 372096.07 382187.38 395878.50 417439.57 452332.37 474834.99 488949.63 
#