Loci = 21
Genes = 20
Distinct Haplotypes = 8
Stationary = 0.80500
Haplotypes
0 0 0 0 0 0 0 0 1 0 0 0 0 0 0 1 0 0 0 1 1 10
0 1 0 0 0 0 0 0 0 0 0 1 0 0 0 0 0 0 0 0 0 2
0 1 1 0 0 0 0 0 0 0 0 1 0 0 0 0 0 0 0 0 0 1
0 1 0 0 0 0 0 0 0 0 0 1 0 0 1 0 0 0 0 0 0 1
0 1 0 1 0 0 0 0 0 0 0 1 0 0 0 0 0 0 1 0 0 1
0 0 0 0 1 0 1 0 0 0 0 0 1 0 0 0 0 0 0 0 0 2
0 1 0 0 0 1 0 1 0 0 0 1 0 1 0 0 1 1 0 0 0 2
0 1 0 0 0 0 0 0 0 1 1 1 0 0 0 0 0 0 0 0 0 1

Mutation
0.0 1.0 0.0 1.0

Positions
0.00 35114.82 71015.28 81851.33 121334.36 151652.34 155949.23 165714.65 173778.87 211084.23 291885.68 306852.78 310212.36 332627.72 334971.95 375815.62 381145.22 408402.81 416528.29 446804.59 446847.02 
#