Loci = 35
Genes = 20
Distinct Haplotypes = 8
Stationary = 0.49706
Haplotypes
0 1 0 0 1 1 0 1 1 1 1 1 1 0 0 0 1 0 0 1 1 0 1 0 1 1 1 1 0 1 0 0 0 0 1 12
0 0 0 1 0 0 0 0 0 0 0 0 0 0 0 1 0 1 0 0 0 0 0 0 0 0 0 0 1 0 1 1 0 1 0 2
0 0 0 0 1 1 0 1 1 1 1 1 1 0 1 0 1 0 0 0 1 1 1 0 1 1 1 1 0 1 0 0 1 0 1 1
0 0 0 0 1 1 0 1 1 1 1 1 1 0 0 0 1 0 0 0 1 0 1 0 1 1 1 1 0 1 0 0 0 0 1 1
0 1 0 0 1 1 1 1 1 1 1 1 1 0 0 0 1 0 0 1 1 0 1 0 1 1 1 1 0 1 0 0 0 0 1 1
0 0 1 0 0 0 0 0 0 0 0 0 0 0 0 1 0 1 0 0 0 0 0 0 0 0 0 0 1 0 1 1 0 0 0 1
0 0 0 0 1 0 0 1 1 1 1 1 1 0 0 0 1 0 1 0 0 0 1 1 1 1 1 1 0 1 0 0 0 0 1 1
0 1 0 0 1 1 0 1 1 1 1 1 1 1 0 0 1 0 0 1 1 0 1 0 1 1 1 1 0 1 0 0 0 0 1 1

Mutation
0.0 1.0 0.0 1.0

Positions
0.00 5213.34 7985.64 16938.81 59788.34 67372.82 88703.99 113490.51 132130.25 139615.97 147316.28 153708.31 158138.25 160307.82 204313.39 204817.74 211182.97 249980.73 267451.30 280734.23 307409.72 311784.42 325362.54 333463.89 334056.13 376927.72 386985.81 393829.32 405418.56 438538.95 465707.13 467946.92 471898.75 486639.00 498701.99 
#