Loci = 30
Genes = 20
Distinct Haplotypes = 7
Stationary = 0.36207
Haplotypes
0 1 1 0 1 0 1 1 1 1 0 1 1 1 0 1 1 0 1 1 0 1 0 1 1 0 1 0 1 0 10
0 1 0 0 0 1 1 1 1 1 1 1 1 1 1 0 1 0 1 1 1 0 0 0 0 0 1 1 1 1 1
0 1 1 0 1 0 1 1 1 1 0 1 1 1 0 1 1 0 1 1 0 1 0 0 1 0 1 0 1 0 3
0 1 1 1 1 0 1 1 1 1 0 1 1 1 0 1 1 0 1 1 0 1 1 0 0 0 1 0 1 0 2
0 1 0 0 0 0 1 1 1 1 1 1 1 1 1 0 1 0 1 1 1 0 0 0 0 0 1 0 1 0 2
0 1 1 0 1 0 1 1 1 1 0 1 1 1 0 1 1 1 1 1 0 1 0 0 0 1 1 0 1 0 1
0 1 1 0 1 0 1 1 1 1 0 1 1 1 0 1 1 1 1 1 0 1 0 0 0 0 1 0 1 0 1

Mutation
0.0 1.0 0.0 1.0

Positions
0.00 3603.20 23576.64 31406.66 63264.87 113539.31 118545.53 126435.25 135286.76 140445.42 149526.37 162998.52 195947.78 211529.65 214010.95 214788.96 238111.96 251806.37 265913.16 268535.06 272110.78 274152.35 280421.28 338983.87 339847.83 365784.26 370038.68 438809.97 465607.72 492020.32 
#