Loci = 38
Genes = 20
Distinct Haplotypes = 8
Stationary = 0.78919
Haplotypes
0 0 0 1 0 1 1 1 0 1 1 0 0 0 0 0 0 0 0 0 0 0 0 0 0 0 0 0 0 0 0 0 0 0 0 0 0 1 10
0 1 0 0 0 0 0 0 0 0 1 0 0 1 0 0 0 0 0 0 0 0 0 1 0 0 0 0 1 1 0 0 0 0 0 1 0 0 3
0 0 1 1 0 1 1 1 1 1 1 0 0 0 0 0 1 0 0 0 0 1 0 0 1 0 1 0 0 0 0 0 0 1 0 0 0 0 1
0 0 0 1 0 1 1 1 0 1 1 0 0 0 0 0 0 0 0 0 0 0 0 0 0 0 0 0 0 0 1 0 0 0 0 0 0 0 1
0 1 0 0 0 0 0 0 0 0 1 1 0 1 0 0 0 0 0 0 0 0 1 1 0 0 0 0 1 1 0 0 0 0 0 1 0 0 2
0 1 0 0 0 0 0 0 0 0 1 0 0 1 0 0 0 0 0 0 0 0 0 1 0 0 0 0 1 1 0 1 0 0 0 1 0 0 1
0 0 0 1 0 1 1 1 0 1 1 0 0 0 0 0 0 0 0 0 0 0 0 0 0 0 0 0 0 0 0 0 0 0 0 0 1 0 1
0 0 0 0 1 0 0 0 0 0 0 0 1 0 1 1 0 1 1 1 1 0 0 0 0 1 0 1 0 0 0 0 1 0 1 0 0 0 1

Mutation
0.0 1.0 0.0 1.0

Positions
0.00 26571.66 37717.38 51501.58 58863.33 73237.16 85069.63 97388.17 98738.59 193515.21 194389.56 198154.95 227782.42 234452.21 247811.96 272251.82 275130.06 283932.48 305619.30 305907.99 313200.31 322191.04 353108.62 378120.79 386661.33 387398.30 405700.71 426788.03 430648.59 431744.99 435966.14 448208.27 449097.84 454413.65 457269.88 464921.01 465163.73 481542.29 
#